S I0 M1 D1 I1 M2 D2 I2 M3 D3 I3 M4 D4 I4 M5 D5 I5 M6 D6 I6 M7 D7 I7 E
S 0.0 0.009708737864077669 0.7378640776699029 0.2524271844660194 0.0 0.0 0.0 0.0 0.0 0.0 0.0 0.0 0.0 0.0 0.0 0.0 0.0 0.0 0.0 0.0 0.0 0.0 0.0 0.0
I0 0 0.33333333333333337 0.33333333333333337 0.33333333333333337 0 0 0 0 0 0 0 0 0 0 0 0 0 0 0 0 0 0 0 0
M1 0.0 0.0 0.0 0.0 0.009708737864077669 0.8187702265372169 0.1715210355987055 0.0 0.0 0.0 0.0 0.0 0.0 0.0 0.0 0.0 0.0 0.0 0.0 0.0 0.0 0.0 0.0 0.0
D1 0.0 0.0 0.0 0.0 0.009708737864077669 0.9805825242718447 0.009708737864077669 0.0 0.0 0.0 0.0 0.0 0.0 0.0 0.0 0.0 0.0 0.0 0.0 0.0 0.0 0.0 0.0 0.0
I1 0 0 0 0 0.33333333333333337 0.33333333333333337 0.33333333333333337 0 0 0 0 0 0 0 0 0 0 0 0 0 0 0 0 0
M2 0.0 0.0 0.0 0.0 0.0 0.0 0.0 0.009708737864077669 0.841886269070735 0.14840499306518723 0.0 0.0 0.0 0.0 0.0 0.0 0.0 0.0 0.0 0.0 0.0 0.0 0.0 0.0
D2 0.0 0.0 0.0 0.0 0.0 0.0 0.0 0.009708737864077669 0.9805825242718447 0.009708737864077669 0.0 0.0 0.0 0.0 0.0 0.0 0.0 0.0 0.0 0.0 0.0 0.0 0.0 0.0
I2 0 0 0 0 0 0 0 0.33333333333333337 0.33333333333333337 0.33333333333333337 0 0 0 0 0 0 0 0 0 0 0 0 0 0
M3 0.0 0.0 0.0 0.0 0.0 0.0 0.0 0.0 0.0 0.0 0.009708737864077669 0.7031900138696255 0.2871012482662968 0.0 0.0 0.0 0.0 0.0 0.0 0.0 0.0 0.0 0.0 0.0
D3 0.0 0.0 0.0 0.0 0.0 0.0 0.0 0.0 0.0 0.0 0.009708737864077669 0.9805825242718447 0.009708737864077669 0.0 0.0 0.0 0.0 0.0 0.0 0.0 0.0 0.0 0.0 0.0
I3 0 0 0 0 0 0 0 0 0 0 0.33333333333333337 0.33333333333333337 0.33333333333333337 0 0 0 0 0 0 0 0 0 0 0
M4 0.0 0.0 0.0 0.0 0.0 0.0 0.0 0.0 0.0 0.0 0.0 0.0 0.0 0.009708737864077669 0.9805825242718447 0.009708737864077669 0.0 0.0 0.0 0.0 0.0 0.0 0.0 0.0
D4 0.0 0.0 0.0 0.0 0.0 0.0 0.0 0.0 0.0 0.0 0.0 0.0 0.0 0.009708737864077669 0.49514563106796117 0.49514563106796117 0.0 0.0 0.0 0.0 0.0 0.0 0.0 0.0
I4 0 0 0 0 0 0 0 0 0 0 0 0 0 0.33333333333333337 0.33333333333333337 0.33333333333333337 0 0 0 0 0 0 0 0
M5 0.0 0.0 0.0 0.0 0.0 0.0 0.0 0.0 0.0 0.0 0.0 0.0 0.0 0.0 0.0 0.0 0.009708737864077669 0.9805825242718447 0.009708737864077669 0.0 0.0 0.0 0.0 0.0
D5 0.0 0.0 0.0 0.0 0.0 0.0 0.0 0.0 0.0 0.0 0.0 0.0 0.0 0.0 0.0 0.0 0.009708737864077669 0.009708737864077669 0.9805825242718447 0.0 0.0 0.0 0.0 0.0
I5 0 0 0 0 0 0 0 0 0 0 0 0 0 0 0 0 0.33333333333333337 0.33333333333333337 0.33333333333333337 0 0 0 0 0
M6 0.0 0.0 0.0 0.0 0.0 0.0 0.0 0.0 0.0 0.0 0.0 0.0 0.0 0.0 0.0 0.0 0.0 0.0 0.0 0.841886269070735 0.14840499306518723 0.009708737864077669 0.0 0.0
D6 0.0 0.0 0.0 0.0 0.0 0.0 0.0 0.0 0.0 0.0 0.0 0.0 0.0 0.0 0.0 0.0 0.0 0.0 0.0 0.9805825242718447 0.009708737864077669 0.009708737864077669 0.0 0.0
I6 0.0 0.0 0.0 0.0 0.0 0.0 0.0 0.0 0.0 0.0 0.0 0.0 0.0 0.0 0.0 0.0 0.0 0.0 0.0 0.30097087378640774 0.49514563106796117 0.2038834951456311 0.0 0.0
M7 0.0 0.0 0.0 0.0 0.0 0.0 0.0 0.0 0.0 0.0 0.0 0.0 0.0 0.0 0.0 0.0 0.0 0.0 0.0 0.0 0.0 0.0 0.00980392156862745 0.9901960784313726
D7 0.0 0.0 0.0 0.0 0.0 0.0 0.0 0.0 0.0 0.0 0.0 0.0 0.0 0.0 0.0 0.0 0.0 0.0 0.0 0.0 0.0 0.0 0.00980392156862745 0.9901960784313726
I7 0 0 0 0 0 0 0 0 0 0 0 0 0 0 0 0 0 0 0 0 0 0 0.5 0.5
E 0 0 0 0 0 0 0 0 0 0 0 0 0 0 0 0 0 0 0 0 0 0 0 0
--------
A B C D E
S 0 0 0 0 0
I0 0.19999999999999998 0.19999999999999998 0.19999999999999998 0.19999999999999998 0.19999999999999998
M1 0.009523809523809523 0.009523809523809523 0.9619047619047618 0.009523809523809523 0.009523809523809523
D1 0 0 0 0 0
I1 0.19999999999999998 0.19999999999999998 0.19999999999999998 0.19999999999999998 0.19999999999999998
M2 0.145578231292517 0.145578231292517 0.009523809523809523 0.145578231292517 0.5537414965986394
D2 0 0 0 0 0
I2 0.19999999999999998 0.19999999999999998 0.19999999999999998 0.19999999999999998 0.19999999999999998
M3 0.009523809523809523 0.145578231292517 0.8258503401360543 0.009523809523809523 0.009523809523809523
D3 0 0 0 0 0
I3 0.19999999999999998 0.19999999999999998 0.19999999999999998 0.19999999999999998 0.19999999999999998
M4 0.009523809523809523 0.6444444444444444 0.009523809523809523 0.009523809523809523 0.326984126984127
D4 0 0 0 0 0
I4 0.19999999999999998 0.19999999999999998 0.19999999999999998 0.19999999999999998 0.19999999999999998
M5 0.8258503401360543 0.009523809523809523 0.009523809523809523 0.145578231292517 0.009523809523809523
D5 0 0 0 0 0
I5 0.19999999999999998 0.19999999999999998 0.19999999999999998 0.19999999999999998 0.19999999999999998
M6 0.8258503401360543 0.009523809523809523 0.009523809523809523 0.145578231292517 0.009523809523809523
D6 0 0 0 0 0
I6 0.10476190476190476 0.4857142857142857 0.009523809523809523 0.3904761904761905 0.009523809523809523
M7 0.009523809523809523 0.009523809523809523 0.8031746031746032 0.16825396825396824 0.009523809523809523
D7 0 0 0 0 0
I7 0.19999999999999998 0.19999999999999998 0.19999999999999998 0.19999999999999998 0.19999999999999998
E 0 0 0 0 0
