6 3
2.4
13.754 1.213 4.324
7.151 9.437 4.566
2.279 8.362 1.088
9.161 12.275 3.590
6.531 14.891 0.940
2.423 16.343 3.924
2.247 1.527 1.508
2.413 11.687 15.827
1.909 7.568 10.572
6.042 4.800 12.036
0.064 3.805 7.650
2.861 17.420 17.771
10.982 6.453 8.177
5.583 8.525 1.086
3.536 9.061 5.699
4.708 10.372 0.887
18.889 2.346 12.017
15.955 9.744 0.267
1.991 13.931 4.175
6.182 3.536 4.479
13.569 20.692 5.453
14.215 23.586 3.583
14.449 20.361 4.830
8.212 16.387 2.102
0.989 24.283 9.383
5.956 10.086 5.402
17.910 8.851 5.663
5.412 6.425 2.200
15.586 9.444 13.155
7.627 6.469 8.489
9.805 6.367 12.848
1.194 8.091 1.970
1.962 3.272 6.241
0.224 20.934 3.457
11.037 10.389 13.907
5.278 6.396 19.297
6.384 11.757 1.262
3.960 10.022 2.099
0.811 7.747 8.460
3.238 15.929 18.329
9.847 10.374 3.640
2.092 0.508 9.654
13.473 1.433 1.726
0.825 0.328 5.055
3.069 4.889 13.816
0.007 6.970 4.045
10.494 6.753 2.211
6.017 14.917 5.864
16.581 4.011 10.820
0.436 14.537 4.701
12.282 3.213 10.733
1.168 9.381 10.628
6.766 3.978 10.576
5.867 14.471 6.010
13.187 2.830 7.188
4.535 10.183 9.896
12.375 1.240 10.136
15.218 3.848 10.130
9.422 3.712 1.144
19.906 7.079 9.626
13.622 16.681 4.357
7.366 3.087 5.840
0.129 14.374 9.462
2.963 6.199 4.988
13.147 0.641 11.950
6.170 0.931 4.644
6.112 9.594 6.561
11.086 9.496 9.570
8.875 15.889 5.209
1.067 5.713 0.253
10.899 5.734 16.189
9.780 3.855 0.921
4.891 3.787 10.149
15.964 4.769 6.419
2.484 0.115 1.831
2.830 5.179 4.100
11.554 0.690 4.591
7.912 8.829 3.389
18.146 13.974 7.631
0.520 8.535 1.567
12.794 18.517 7.305
2.997 12.325 10.462
3.138 5.452 5.639
7.365 3.444 6.769
9.778 2.730 6.548
1.113 0.684 20.152
17.049 15.215 11.820
18.169 3.113 13.802
12.654 19.152 3.451
17.195 6.945 1.814
6.836 4.016 2.653
8.690 7.913 4.207
1.673 0.224 14.471
12.960 4.696 15.872
7.646 4.734 1.143
5.555 11.189 2.633
7.451 7.121 6.525
10.560 7.605 1.472
1.130 3.938 20.132
19.161 4.603 2.807
7.978 7.365 5.301
3.715 15.859 9.089
5.544 0.694 6.778
5.655 9.762 0.382
11.704 29.235 7.436
1.949 1.750 3.676
10.886 6.387 6.979
4.227 15.008 21.750
5.178 1.157 1.408
15.052 13.493 5.570
1.388 5.002 0.410
6.664 2.692 4.489
13.021 9.647 4.338
2.969 2.613 1.746
15.209 4.674 3.836
2.595 1.889 5.597
5.013 5.816 0.050
12.365 2.884 6.785
11.824 4.546 2.856
12.824 0.731 9.447
0.345 10.627 6.068
12.369 18.013 7.139
9.262 12.431 3.111
9.258 1.847 15.435
15.473 14.572 1.488
24.653 6.783 15.631
3.620 9.760 9.346
0.633 15.797 12.627
8.897 2.233 13.512
2.032 18.010 11.801
25.456 4.861 7.123
1.366 14.189 9.316
2.661 14.988 6.178
7.867 10.272 8.140
6.431 1.930 6.329
2.371 1.193 6.597
6.885 4.409 2.226
9.791 12.275 1.795
9.795 14.110 10.935
9.595 8.035 12.411
0.493 1.195 5.971
8.379 23.637 18.829
9.821 5.874 9.348
9.127 2.897 5.355
3.998 13.075 10.147
0.302 6.812 1.909
4.466 24.795 10.032
3.779 6.422 8.639
2.685 0.088 22.499
8.119 11.591 21.618
13.166 25.701 5.793
4.232 17.567 9.942
9.082 5.315 1.967
4.736 4.828 7.088
5.617 7.692 1.508
4.318 6.059 19.631
12.197 0.796 4.478
6.272 5.983 11.695
7.158 10.279 15.199
4.299 2.609 5.811
7.818 30.113 7.249
4.864 4.578 5.326
6.809 14.295 15.258
2.025 6.767 6.293
4.881 2.274 5.830
2.711 3.238 17.126
9.594 8.021 5.949
4.084 2.262 14.875
1.430 7.664 0.074
8.142 7.595 15.752
12.421 2.150 14.762
2.878 3.039 6.147
3.720 1.848 1.459
1.845 1.532 9.547
12.837 6.628 6.520
4.922 21.546 21.456
4.450 4.897 5.613
5.582 4.748 2.341
2.128 0.736 5.611
8.246 3.514 10.012
6.970 7.884 1.448
8.009 5.264 5.394
0.578 7.530 1.716
21.394 1.617 4.861
8.371 6.127 8.706
0.671 13.753 10.817
9.105 23.793 6.639
19.448 3.055 12.856
11.674 16.318 3.352
10.767 4.053 1.502
0.371 10.906 9.054
18.181 1.481 3.069
19.900 12.383 4.151
11.421 12.302 10.804
1.830 6.742 0.853
9.073 10.086 23.260
10.147 6.526 4.564
8.873 0.024 9.684
8.081 9.015 0.475
3.274 0.134 1.336
6.576 22.998 10.565
12.349 0.576 22.915
0.205 4.280 11.483
1.345 8.434 4.180
11.593 13.732 5.501
3.965 18.725 8.244
5.118 6.177 8.335
0.963 7.279 9.181
1.227 6.527 8.747
1.717 13.442 1.850
0.542 6.335 13.511
3.785 1.938 1.472
16.598 1.110 12.391
4.951 7.444 8.929
11.744 12.614 6.102
7.297 6.236 19.957
14.128 14.360 3.845
1.535 8.298 15.168
8.514 13.751 6.069
3.194 17.208 4.204
12.518 16.480 7.023
5.693 16.557 8.117
4.471 0.248 12.228
5.303 9.192 15.560
10.609 0.323 21.720
3.696 1.427 4.716
0.073 4.485 12.560
9.860 3.445 3.767
12.127 8.953 13.186
6.434 5.704 11.145
2.692 3.366 5.343
0.915 12.787 3.216
0.387 7.999 12.285
16.444 9.719 1.134
4.010 3.476 4.539
20.366 3.599 2.074
1.451 13.662 7.817
8.261 7.231 10.401
8.391 12.202 2.239
1.133 14.091 2.143
3.226 8.809 1.515
3.171 0.062 7.648
6.165 5.673 0.026
10.301 3.758 0.771
9.789 9.572 5.499
8.759 1.461 3.844
18.634 8.274 9.377
10.524 1.096 14.030
4.092 18.909 15.191
1.483 8.993 7.709
6.085 4.377 13.997
13.964 0.120 0.702
3.809 23.944 1.906
0.080 4.129 7.757
2.067 6.725 11.949
5.088 3.446 0.134
0.574 4.987 5.256
2.097 2.978 4.747
0.790 10.426 12.536
0.609 1.324 3.542
4.751 12.377 16.137
5.504 7.590 10.602
3.988 16.205 4.563
8.697 3.146 4.543
7.296 2.967 5.455
19.139 5.773 9.370
1.622 12.612 7.152
10.431 0.036 17.313
8.667 9.223 20.953
1.890 11.322 8.171
5.626 10.397 12.627
7.696 20.991 11.813
6.574 1.610 8.761
4.427 1.514 0.288
12.528 9.045 23.728
10.253 11.964 1.737
1.816 4.162 4.308
1.943 12.530 8.838
3.180 1.739 6.887
6.179 6.317 2.512
13.404 5.540 2.530
1.535 21.346 13.116
7.549 9.974 4.756
3.166 6.225 1.896
6.892 9.916 20.096
0.001 5.825 15.800
20.914 9.039 0.002
0.897 10.117 15.204
1.788 16.615 13.961
11.495 2.735 1.841
0.480 9.081 6.867
15.858 4.762 5.124
0.245 15.974 13.274
12.285 21.656 14.653
10.834 15.160 18.653
5.430 8.173 2.530
6.389 5.018 3.305
3.046 0.812 0.749
4.636 2.334 6.429
13.755 4.142 2.199
3.974 1.893 9.145
12.182 26.981 7.878
20.758 11.375 0.387
8.246 11.027 10.581
6.632 8.246 0.511
1.090 8.189 6.887
10.528 0.850 12.542
2.492 2.416 2.155
21.920 17.316 5.046
11.128 6.052 0.347
3.952 6.680 10.397
4.756 4.918 8.442
1.430 14.202 13.077
8.355 15.077 1.919
0.190 4.266 11.412
9.354 14.727 13.718
1.659 1.383 6.183
3.422 5.048 8.991
1.494 3.993 12.650
6.170 6.016 19.086
13.585 2.633 8.353
4.149 16.781 9.050
2.958 6.498 5.637
11.662 0.641 12.485
9.899 9.770 14.948
0.746 3.058 8.967
1.502 2.336 12.504
2.278 15.990 20.273
7.505 2.353 16.923
16.264 7.472 0.381
12.435 11.254 17.318
3.627 6.433 2.085
0.016 3.792 1.097
1.547 6.121 12.922
9.951 6.629 13.032
0.307 4.692 3.851
3.154 5.539 8.246
14.753 11.709 13.673
1.346 1.768 0.967
12.824 1.105 6.673
13.202 16.053 5.124
17.316 1.179 3.175
7.757 7.421 13.056
10.712 9.856 3.010
3.333 13.650 5.955
10.479 5.874 4.574
3.444 19.944 23.915
26.159 5.211 6.067
4.497 14.682 15.497
3.874 12.378 5.183
3.240 14.666 10.337
4.257 2.919 2.314
6.331 1.565 4.907
9.493 0.589 6.284
3.406 0.364 4.196
24.536 0.759 3.127
15.788 10.368 18.937
0.295 3.069 4.420
6.647 14.735 27.026
7.767 4.143 0.753
1.863 4.441 9.453
13.533 11.236 21.488
9.910 6.826 1.110
14.541 18.518 4.187
8.321 4.939 5.298
5.543 12.662 22.577
5.308 8.944 5.443
5.098 3.557 0.328
8.878 2.453 5.294
6.370 7.819 8.029
4.321 3.720 1.272
14.210 4.531 3.684
11.719 5.885 0.180
0.069 3.247 11.282
8.514 1.000 13.011
13.650 10.108 7.841
5.020 7.583 9.922
13.792 8.001 16.377
10.348 19.358 7.744
15.042 3.697 2.379
11.234 18.003 18.294
7.467 4.449 8.753
3.787 15.846 6.477
15.976 0.431 14.680
6.020 3.515 1.277
7.793 9.697 11.651
7.533 4.572 12.923
7.707 17.818 11.505
17.480 0.388 8.312
5.013 16.540 7.913
2.058 5.128 0.874
0.857 14.548 11.275
4.181 5.217 10.789
1.893 19.731 5.814
16.151 2.402 7.571
12.464 9.446 7.216
1.524 1.014 3.097
10.620 11.852 3.687
19.141 8.541 7.996
4.833 8.208 8.078
9.376 1.157 12.763
2.673 12.302 1.661
6.939 13.914 3.148
0.129 8.832 9.384
11.393 9.876 6.112
5.303 9.175 5.493
2.464 8.947 13.538
3.513 8.587 12.185
7.670 9.150 4.609
7.815 7.388 11.442
8.804 15.720 4.398
3.031 8.397 11.428
5.714 0.412 4.956
6.529 10.408 12.312
3.702 4.225 7.067
4.555 25.938 4.952
15.211 2.168 26.899
0.197 5.094 6.541
6.969 10.112 2.562
5.935 1.184 4.407
13.602 15.861 15.499
8.746 3.465 21.267
8.214 4.157 7.955
8.350 5.282 9.052
7.290 3.716 11.271
4.572 4.359 6.588
12.004 1.276 1.067
7.086 1.365 9.704
15.703 3.198 5.314
7.708 6.207 4.699
2.318 9.369 17.189
9.695 3.710 11.951
11.810 4.918 14.236
12.577 9.958 6.253
15.483 4.675 13.960
7.258 7.245 11.416
9.682 8.320 8.290
0.998 3.832 5.022
0.381 2.992 9.714
5.640 12.524 3.748
0.316 20.003 9.206
6.322 15.776 6.747
2.822 4.447 9.263
1.520 6.956 8.689
3.625 5.193 14.475
10.409 0.455 0.572
1.115 1.231 5.593
2.875 14.417 4.781
14.972 2.240 0.491
10.363 5.958 16.205
1.230 13.470 1.019
1.368 12.924 8.147
5.441 2.110 14.252
6.574 3.739 0.574
8.567 7.877 6.488
15.948 5.561 4.371
2.909 0.533 5.264
5.646 2.126 8.316
2.191 5.178 6.545
8.687 17.001 8.952
1.766 14.741 3.082
10.234 8.168 7.845
2.634 3.701 4.768
7.247 0.337 16.164
2.230 3.149 6.792
2.719 20.730 12.306
10.301 13.670 0.806
0.225 18.877 7.936
11.806 3.035 10.331
1.424 17.632 5.791
2.904 18.459 9.158
7.893 7.956 0.130
12.375 18.304 5.492
0.703 2.512 11.952
6.871 22.538 1.179
5.380 26.567 5.973
2.114 7.816 17.261
3.088 19.627 1.769
9.822 8.683 1.830
24.788 0.214 3.716
1.177 14.354 6.605
2.566 5.130 7.446
2.945 11.333 27.285
12.102 5.485 14.128
2.528 1.490 7.309
15.632 5.573 3.340
7.252 13.279 5.664
3.941 12.296 4.217
5.072 19.533 3.877
4.202 11.539 4.219
6.649 5.189 1.495
7.075 5.679 13.681
2.100 6.842 11.164
15.126 18.091 8.364
0.786 0.668 7.692
1.719 0.442 6.845
8.506 0.618 16.765
9.793 11.726 3.697
23.602 20.275 11.863
17.033 3.159 9.236
8.287 4.325 12.956
5.950 9.359 12.311
6.934 3.127 4.682
13.977 2.744 6.326
15.871 8.068 13.343
0.776 16.890 3.016
3.699 3.590 6.954
23.033 12.593 3.171
5.490 13.543 3.080
9.423 11.557 18.954
5.162 3.872 10.147
4.456 0.663 19.501
5.193 9.347 8.435
0.634 4.776 6.596
21.194 9.204 12.137
10.405 5.336 7.708
14.087 8.967 4.436
10.794 4.306 2.721
7.409 6.741 5.932
5.220 9.986 0.914
2.797 0.345 2.533
15.210 18.491 5.278
4.835 17.560 13.900
5.060 3.551 1.050
9.794 4.161 0.205
0.617 11.244 17.034
6.654 7.426 9.773
3.981 9.457 17.664
3.725 1.857 1.691
13.719 9.514 15.342
8.722 8.000 10.763
14.395 5.513 18.716
3.201 7.961 0.746
1.074 0.215 13.890
6.609 5.416 11.621
3.038 6.375 1.219
3.147 8.289 1.327
7.778 9.347 1.193
6.898 10.332 4.751
0.966 12.609 9.994
4.818 10.166 15.790
5.606 17.892 23.631
10.589 9.981 13.936
17.596 17.865 9.487
25.936 8.631 4.044
8.500 7.106 8.439
21.513 4.169 3.973
14.692 3.942 0.783
7.088 6.911 2.735
11.212 1.540 4.654
2.387 2.353 6.992
2.005 1.004 11.979
23.587 4.135 4.570
14.181 1.659 1.851
4.018 13.787 12.578
2.113 7.816 4.503
0.203 5.266 6.642
0.187 21.887 23.920
11.454 10.388 12.081
3.482 15.250 0.230
6.275 18.966 18.325
6.531 21.334 16.626
4.198 4.846 12.078
10.895 13.487 5.164
24.905 2.082 8.786
1.282 17.957 2.521
1.223 3.580 8.769
10.184 10.396 3.641
13.271 10.937 0.915
10.663 15.676 16.192
8.105 1.801 0.587
10.234 2.921 10.583
2.240 5.106 18.986
3.697 5.645 4.436
22.270 22.621 14.422
3.704 11.582 7.029
7.473 0.213 2.342
1.263 13.899 0.075
0.663 14.021 0.931
2.929 8.502 2.905
6.926 16.932 5.346
4.202 7.749 8.116
22.045 18.414 1.844
5.677 5.963 2.193
3.919 0.954 5.288
17.348 3.329 4.415
16.975 16.011 6.025
8.103 4.628 18.319
2.418 1.008 7.214
3.103 18.632 11.068
0.485 2.133 9.558
12.031 8.057 2.757
16.296 1.628 9.866
4.479 10.745 8.106
2.129 4.368 15.774
14.340 10.810 12.084
3.384 4.820 13.547
6.520 9.483 10.474
14.106 6.962 1.295
8.033 14.358 12.431
12.222 10.634 6.331
6.737 4.842 1.218
1.479 2.777 1.684
2.480 0.927 4.549
6.400 4.181 23.724
2.539 14.253 18.186
3.710 7.212 0.651
27.106 20.223 14.851
4.984 14.706 2.829
12.943 25.734 18.284
3.303 12.729 11.845
3.118 13.131 9.607
6.380 14.038 2.498
3.728 10.670 3.608
2.446 4.245 7.759
11.248 4.509 17.670
10.939 3.649 3.051
18.924 23.847 9.136
7.521 3.892 1.758
7.750 3.823 7.140
24.981 7.459 15.340
0.703 3.255 13.637
1.137 5.887 8.332
5.302 18.153 0.098
4.713 6.939 8.204
22.283 2.519 8.301
2.380 6.406 0.944
10.648 5.087 22.650
6.921 5.599 8.185
14.974 10.977 4.421
9.701 13.166 14.544
8.035 8.782 7.184
15.056 15.942 0.907
13.785 2.563 2.160
16.683 3.369 4.097
4.791 6.969 15.371
1.780 5.926 20.995
15.308 16.723 9.118
5.051 13.309 2.282
9.932 7.146 5.629
7.450 3.361 2.364
20.521 14.515 0.297
2.279 18.907 9.719
1.523 22.387 2.677
15.252 0.006 21.081
3.993 6.426 3.318
1.880 5.244 13.864
1.753 1.830 1.572
12.031 9.287 15.182
0.678 11.073 4.788
3.642 7.431 4.931
14.396 4.891 4.246
7.279 11.107 7.187
8.683 9.025 8.310
11.223 9.425 14.066
0.855 2.598 3.916
3.714 20.265 3.471
3.775 7.274 7.012
12.292 3.526 17.445
4.842 5.655 5.507
7.364 9.889 10.687
0.247 0.127 5.223
2.613 12.336 4.098
11.023 8.675 1.241
0.795 0.770 6.005
7.421 1.705 11.523
5.900 9.491 5.370
13.640 4.747 5.360
9.515 2.423 6.163
11.161 7.863 2.781
0.385 13.938 20.498
0.635 8.940 21.283
1.397 5.713 1.945
8.024 4.300 3.571
1.820 4.406 0.334
22.949 4.283 11.113
7.749 4.444 4.593
5.326 8.072 1.333
9.652 1.582 12.547
11.788 2.731 0.846
4.759 10.648 28.837
9.443 3.832 13.633
6.613 2.659 11.223
7.959 5.968 7.457
2.412 7.517 9.799
0.303 5.823 3.907
11.778 25.718 10.033
20.573 1.604 9.894
8.940 7.465 11.333
6.281 2.158 10.972
2.936 0.055 16.912
21.544 7.971 9.704
0.494 13.787 4.675
11.251 16.431 7.911
1.115 0.281 15.218
5.745 4.460 7.495
12.917 14.139 2.064
5.184 4.263 4.841
2.380 3.519 9.044
2.166 5.008 3.723
18.929 9.285 1.760
12.223 1.572 9.068
15.353 2.140 2.282
10.056 6.008 0.974
14.831 7.434 9.127
4.819 17.355 5.607
3.115 6.589 18.611
3.907 2.087 12.370
4.888 4.170 0.039
4.472 10.377 8.547
5.893 5.965 2.920
5.017 5.397 17.519
5.979 3.968 2.406
3.797 14.950 1.444
3.470 8.923 4.983
5.082 6.848 6.154
8.825 14.000 0.073
0.950 8.515 6.576
11.538 8.739 8.203
0.364 5.634 1.054
3.934 12.310 3.195
18.303 9.162 8.456
4.155 10.247 14.109
1.454 8.215 5.524
14.681 4.476 4.899
3.673 22.466 7.216
1.796 2.235 1.244
9.831 1.576 7.917
19.698 26.318 9.407
2.309 13.150 5.627
7.560 11.996 9.010
4.358 5.573 2.568
9.926 1.775 5.352
8.351 7.642 12.579
0.903 3.141 11.927
5.438 14.725 8.740
15.631 4.845 11.712
8.494 5.663 9.979
5.681 13.629 7.233
8.126 9.648 10.054
0.315 16.591 6.542
9.861 3.112 10.171
0.636 14.385 2.647
17.714 28.620 19.331
4.887 12.608 15.800
6.782 15.376 6.564
4.702 7.737 6.598
10.085 27.891 4.589
7.771 5.462 14.660
7.285 9.358 12.520
0.679 4.679 7.910
9.457 16.391 9.602
10.884 2.277 7.958
3.844 21.195 3.611
0.502 11.752 14.035
13.561 1.434 0.020
1.662 13.969 2.620
11.257 3.439 11.793
0.639 4.423 16.825
10.059 13.298 0.936
1.734 13.712 14.038
12.616 11.392 5.707
12.440 1.713 16.961
2.519 3.781 9.495
4.970 25.722 2.136
7.974 3.111 13.553
0.268 5.321 3.144
9.050 3.400 4.330
14.349 0.951 10.737
10.161 6.075 8.167
6.335 0.848 7.399
8.753 1.435 3.611
0.939 8.563 10.118
9.388 7.239 13.625
11.574 6.673 5.732
2.476 3.597 2.046
2.978 0.350 3.072
0.673 6.364 0.377
2.636 2.686 1.839
0.173 5.502 3.495
1.064 19.974 13.038
4.560 14.444 1.920
7.658 3.519 11.557
4.617 13.677 12.544
19.567 12.941 6.207
4.801 18.041 5.559
10.058 4.363 5.914
5.742 2.958 2.419
2.887 4.995 5.248
2.586 12.717 2.973
4.139 5.414 9.474
2.221 7.434 6.643
2.633 15.023 0.737
9.186 22.097 6.658
7.432 6.696 10.627
3.549 12.258 1.430
3.900 12.731 1.513
16.826 8.875 6.998
3.166 8.295 1.397
19.567 2.268 2.134
14.175 12.176 7.776
3.968 6.502 4.219
7.096 4.903 2.557
15.798 19.470 1.345
23.028 11.375 18.635
7.486 7.467 0.472
3.641 0.690 6.364
23.250 1.157 2.957
20.187 13.521 7.391
3.105 4.519 4.192
11.122 9.643 1.309
1.804 14.285 3.916
9.171 6.011 0.540
1.072 1.441 6.965
7.730 1.687 3.528
15.839 4.119 0.163
12.414 8.096 5.966
22.239 3.116 9.176
0.621 1.641 2.140
9.211 5.360 7.980
10.722 17.116 0.771
4.650 0.626 7.370
6.408 5.028 17.956
8.460 0.789 16.616
7.894 0.920 1.668
9.558 1.067 7.954
19.644 11.173 12.583
15.200 20.423 0.416
6.881 4.653 0.799
3.319 2.947 7.157
3.775 7.849 8.604
7.323 7.232 13.123
14.670 6.424 10.651
2.749 20.037 16.084
6.749 17.270 0.559
4.051 6.808 2.326
13.478 4.270 1.417
11.914 5.864 20.366
12.034 7.812 14.004
10.000 11.339 25.343
9.334 4.095 0.156
13.288 15.146 13.647
2.137 12.432 5.469
0.740 6.058 3.710
1.339 14.587 3.114
0.284 9.654 9.002
3.578 5.190 20.668
11.731 0.764 15.329
7.226 1.535 17.099
9.364 2.850 11.777
2.490 0.611 10.464
1.943 4.903 7.993
3.844 2.752 0.999
4.371 6.902 6.209
10.391 11.573 1.266
5.311 4.972 8.078
5.681 6.876 3.644
6.821 3.133 11.340
18.486 1.751 5.138
14.738 4.101 0.726
10.242 16.064 14.181
11.085 13.303 13.959
15.927 3.947 4.464
9.287 5.296 0.894
4.773 0.851 8.395
1.331 11.233 10.883
3.907 8.506 0.909
10.397 2.716 4.375
14.163 2.783 2.103
2.851 3.634 7.255
12.070 12.083 11.910
3.000 4.007 11.896
5.344 1.821 13.550
7.026 7.118 6.354
5.536 16.141 1.960
2.878 2.323 8.318
7.727 17.170 2.570
8.517 9.658 3.373
12.500 5.847 2.608
9.798 22.712 4.826
10.791 7.672 0.318
10.403 13.573 14.189
4.134 1.329 2.409
3.917 0.621 12.591
23.084 12.731 22.129
20.781 13.606 5.465
1.495 13.481 9.912
2.942 3.004 17.658
14.901 4.407 7.719
13.096 11.538 14.790
2.649 5.653 11.546
14.610 13.503 13.094
8.050 18.646 6.217
13.592 13.395 9.759
10.392 19.531 4.241
8.033 1.263 5.184
4.829 11.706 5.060
1.244 3.858 1.171
5.663 2.037 0.949
1.273 1.440 2.643
11.581 6.326 3.441
0.175 13.524 5.202
13.585 4.637 10.634
23.319 2.268 14.590
5.296 6.868 5.530
11.650 12.910 0.245
6.663 0.902 8.500
3.810 0.523 15.809
27.313 0.967 5.671
9.040 1.992 5.182
11.174 19.022 0.770
3.173 10.417 17.058
4.443 4.140 10.324
0.099 10.228 4.309
8.096 17.510 3.793
0.978 11.407 3.312
9.616 5.345 17.742
8.782 6.489 3.144
8.446 2.188 8.923
10.289 9.803 6.321
10.412 5.464 0.717
0.492 1.545 2.629
4.584 12.307 2.179
1.032 17.596 15.816
6.565 8.338 19.214
5.992 10.219 8.394
10.131 2.621 5.204
4.249 14.639 7.206
15.751 1.915 5.411
11.058 6.279 7.620
8.072 16.506 9.643
0.289 7.507 7.656
3.299 19.384 0.018
11.481 6.521 7.684
12.742 8.878 1.925
25.270 0.636 12.528
2.911 19.426 5.408
5.754 7.755 3.588
3.746 2.220 2.458
13.326 5.678 0.253
3.711 3.209 6.216
16.334 8.730 2.519
1.547 7.645 2.071
3.554 8.129 5.435
25.816 11.802 24.627
1.376 15.751 6.730
4.494 11.416 12.713
13.410 12.222 4.669
4.840 6.518 10.092
3.051 7.889 1.241
6.004 3.872 4.481
0.527 10.725 13.966
22.067 4.451 18.594
11.258 0.901 6.562
14.911 3.352 6.328
4.142 4.918 8.724
30.237 5.911 7.550
3.348 12.465 2.225
19.955 14.422 1.714
13.475 6.872 5.636
16.808 6.603 4.384
0.435 11.302 10.392
4.446 5.893 10.416
21.708 8.716 1.175
16.217 12.470 8.030
5.871 2.440 0.594
10.005 8.941 5.067
5.114 6.535 16.433
7.894 7.485 3.719
7.018 7.447 7.080
6.805 2.722 7.769
5.085 1.527 0.428
4.775 8.838 8.367
4.991 3.347 13.515
22.229 5.054 16.474
3.291 4.524 2.299
10.104 11.414 3.046
15.255 11.357 2.931
12.875 4.706 12.338
1.092 1.769 2.802
14.502 10.921 9.444
12.009 8.176 11.809
1.684 8.024 11.188
2.720 7.161 10.954
3.013 10.513 6.143
0.928 6.081 1.226
18.282 7.758 5.023
0.480 25.688 10.504
1.680 0.693 0.354
3.016 3.290 9.603
0.886 0.609 5.065
15.452 21.662 12.224
8.104 2.343 14.298
1.523 4.822 9.209
4.955 5.527 7.488
9.327 15.549 1.242
6.137 5.445 5.449
3.151 1.256 4.720
4.451 5.938 9.841
0.470 2.066 13.322
3.190 5.974 13.731
14.882 6.601 4.344
18.144 2.088 9.586
11.242 7.888 10.238
5.584 7.105 4.775
16.953 3.955 1.057
3.375 8.152 1.600
6.870 1.423 1.601
18.255 11.914 2.843
6.111 4.236 1.247
2.711 9.984 4.955
15.136 4.980 9.563
7.897 2.536 9.324
18.171 3.217 1.994
9.773 1.623 8.273
1.095 11.454 17.943
17.451 7.115 16.486
5.392 3.856 2.686
19.996 7.994 12.639
5.751 2.977 2.031
9.333 9.477 2.838
5.636 10.244 7.374
5.250 15.874 6.455
4.785 7.743 0.669
0.779 0.194 10.156
6.514 10.860 9.565
6.397 7.070 0.747
11.046 7.582 5.761
0.456 6.585 8.015
8.519 4.738 7.654
10.488 3.737 11.555
2.614 17.879 1.943
13.769 23.163 13.156
10.392 2.117 3.612
7.845 1.992 6.803
18.340 5.365 2.718
1.935 15.055 0.850
7.516 9.191 22.780
12.756 0.135 20.678
10.370 16.125 4.127
24.691 5.165 2.806
1.435 11.665 16.357
5.842 16.094 6.675
2.457 0.001 5.170
8.962 3.057 5.892
13.185 15.089 9.849
4.341 10.089 20.466
9.278 9.920 17.756
11.800 0.019 15.327
6.636 3.616 3.530
11.208 14.433 6.942
6.324 1.292 5.776
1.632 7.564 4.449
14.828 3.852 0.582
23.431 14.028 1.678
22.169 4.012 1.397
2.723 5.408 0.331
10.292 8.495 9.404
19.595 7.867 11.402
11.060 8.016 0.438
6.019 10.421 1.250
16.070 9.628 3.197
22.272 9.206 30.456
9.699 1.695 3.369
7.628 3.475 15.935
10.288 1.988 7.421
0.833 15.309 4.774
1.341 18.981 6.558
4.726 15.782 4.707
1.863 10.867 2.727
27.381 6.701 14.407
9.598 11.630 4.607
8.832 11.403 15.641
4.886 26.980 4.309
5.763 12.904 11.915
1.760 14.614 11.371
2.290 4.174 8.367
15.980 3.299 3.728
0.762 4.954 2.471
4.679 18.440 10.139
8.669 2.610 1.190
0.141 5.784 1.376
13.656 0.222 11.503
5.147 4.660 15.264
2.859 7.910 4.383
12.338 2.789 0.377
5.164 12.427 0.256
19.954 5.652 17.736
2.423 7.838 15.832
0.833 16.596 13.144
0.399 5.190 14.640
14.239 11.474 18.472
14.034 2.203 0.848
14.059 11.507 4.602
10.005 19.354 22.615
2.823 5.886 0.385
2.092 2.595 11.667
13.923 1.849 2.951
8.225 20.188 0.789
1.683 4.827 19.889
16.048 1.779 8.500
11.164 18.998 10.972
20.293 3.728 7.451
3.503 2.406 8.524
8.244 7.386 11.971
13.978 12.174 11.713
3.873 3.327 1.286
4.080 8.900 3.920
1.742 10.025 5.187
3.426 9.801 5.079
18.973 9.084 2.351
11.562 1.170 3.387
2.867 1.650 14.465
2.294 8.918 1.706
8.030 7.115 0.351
3.280 14.533 5.834
0.381 0.936 2.320
12.541 5.078 13.336
3.877 0.484 16.490
3.656 8.202 3.848
1.842 4.761 4.285
0.847 7.469 9.750
7.589 3.665 1.152
14.738 2.222 5.115
5.706 10.299 6.068
20.429 8.384 12.734
5.897 24.330 1.602
7.144 0.872 18.691
7.003 14.703 7.251
4.674 3.564 8.950
0.231 13.181 5.982
0.404 2.216 0.471
17.268 3.614 9.509
2.985 2.156 14.257
35.337 9.965 3.993
5.178 2.208 0.619
14.827 2.156 6.512
13.369 9.681 0.411
8.884 3.503 8.040
